<?xml version="1.0"?>
<opencv_storage>
<calibration_time>"07/06/16 18:31:45"</calibration_time>
<nr_of_frames>25</nr_of_frames>
<image_width>640</image_width>
<image_height>480</image_height>
<board_width>6</board_width>
<board_height>8</board_height>
<square_size>25.</square_size>
<fix_aspect_ratio>1.</fix_aspect_ratio>
<!-- flags: +fix_aspectRatio +fix_principal_point +zero_tangent_dist -->
<flags>6158</flags>
<fisheye_model>0</fisheye_model>
<camera_matrix type_id="opencv-matrix">
  <rows>3</rows>
  <cols>3</cols>
  <dt>d</dt>
  <data>
    2.4340126575350806e+002 0. 3.1950000000000000e+002 0.
    2.4340126575350806e+002 2.3950000000000000e+002 0. 0. 1.</data></camera_matrix>
<distortion_coefficients type_id="opencv-matrix">
  <rows>5</rows>
  <cols>1</cols>
  <dt>d</dt>
  <data>
    -2.5283129827330714e-001 5.1361285574160892e-002 0. 0.
    -4.1182550915217289e-003</data></distortion_coefficients>
<avg_reprojection_error>3.0766923253942005e+000</avg_reprojection_error>
<per_view_reprojection_errors type_id="opencv-matrix">
  <rows>25</rows>
  <cols>1</cols>
  <dt>f</dt>
  <data>
    2.66509485e+000 4.20548010e+000 2.93226027e+000 2.47290945e+000
    2.09011960e+000 3.99216747e+000 5.87654781e+000 1.66814542e+000
    4.13937330e+000 3.66248274e+000 2.34200931e+000 2.82831526e+000
    3.65529156e+000 1.86462593e+000 1.81274164e+000 3.48626041e+000
    1.31262517e+000 3.21902370e+000 1.67024720e+000 3.03072643e+000
    2.90835834e+000 1.97050107e+000 2.13405824e+000 3.19830656e+000
    3.46851897e+000</data></per_view_reprojection_errors>
<extrinsic_parameters type_id="opencv-matrix">
  <rows>25</rows>
  <cols>6</cols>
  <dt>d</dt>
  <data>
    -9.8413086568000269e-002 -1.5147650365364707e-001
    -1.8491521150816373e-001 -9.1666900867718113e+001
    -7.3599734999056821e+001 1.1491571056642816e+002
    -1.5058738747929937e-002 -1.3452077094476944e-001
    -3.6582528454023455e-001 -1.0700922578357276e+002
    -6.1870805491911526e+001 6.7297609754834824e+001
    -7.5077449238077604e-002 -1.0039771432292484e-001
    -9.9503011523119800e-001 -1.4982943493523965e+002
    -2.5401759414691147e+000 9.1610799523729895e+001
    -7.0117859853948958e-002 4.2180403519258336e-002
    9.8449855771433836e-001 1.1828271649935775e+001
    -4.6665393256260010e+001 1.1538568198525140e+002
    -5.6699529562553523e-002 -6.6162962824883015e-002
    -8.5609759923769746e-001 -1.1350258416773811e+002
    1.8023023111582248e+001 1.2464181314943987e+002
    2.1841796297034907e-002 -2.0020374716175546e-001
    4.4815270896029748e-002 -2.1489196258333823e+001
    -9.2876865965461363e+001 7.1949577130740664e+001
    1.9387564238343335e-003 3.7833916018431102e-001
    -2.1675513142220049e-002 8.9747946047347735e+000
    -7.9503509019960745e+001 1.1387075712150066e+002
    -1.2703585392783026e-001 -1.1047295255593050e+000
    -4.9712126979243926e-001 -1.7575207106692130e+002
    -4.6132921732398117e+001 8.9832316737021785e+001
    1.1402009169636196e-001 -3.1818983011361868e-001
    -2.7268974807936736e-001 -1.0582527104985793e+002
    -8.5065851701807603e+001 5.6293869279090586e+001
    1.1313355605247735e-001 -1.1662611948948502e-001
    -9.6686621915885351e-001 -1.2882404244758899e+002
    2.0582037848115853e+001 6.4323644823029468e+001
    2.3041365858528220e-003 -1.5826719756312183e-001
    -3.5492113421509702e-001 -8.4107176762721437e+001
    -1.1805670985516522e+002 1.2034995111063361e+002
    1.1520652785156721e-001 -1.4916943655924416e-002
    -9.7248910856497495e-001 -9.1652145457547192e+001
    4.6344248217987861e+001 9.9935501202574386e+001
    2.1043040562419829e-001 -9.6706094977084961e-002
    -2.9300758100939778e-001 -6.0418200985644042e+001
    -7.4754178321180433e+001 7.4765293423701110e+001
    -5.5030214450073522e-001 2.1449209574429587e-001
    1.6608724131311008e+000 1.5511433581186961e+002
    4.7463859757586069e-001 1.8593788017268056e+002
    1.8521192816968613e-002 -6.8350459070541247e-001
    -2.9054399857968022e-001 -9.7028482371547739e+001
    -6.6957277164138901e+001 7.4272468842766642e+001
    1.8495457449552918e-001 -4.2309305602554477e-002
    -2.0532930662153817e-001 -9.1563730721839534e+001
    -8.0773058879780507e+001 7.1809432653378039e+001
    -1.0201836635210321e-001 -9.4214885341477483e-002
    -9.9142252845227263e-001 -1.3049843353150206e+002
    6.8608786609315047e+001 1.5804780309999512e+002
    1.4416647743005492e-001 -2.0805751666409170e-001
    -7.2894480025767472e-001 -1.5080640707076978e+002
    -3.7922028820022419e+001 6.6723037481002990e+001
    -2.5034122002631226e-001 -1.7775073001202407e-001
    1.3643811572235471e+000 9.2075516018419307e+001
    -1.5193097894404826e+001 1.4788599762827653e+002
    1.5250309316775962e-001 -6.6840400612002596e-002
    -7.8799307157610465e-001 -9.4116961980140516e+001
    -4.5433258158123515e+001 1.0027530995581212e+002
    1.5088100501784399e-001 1.7377183598007780e-002
    -3.1013109952281437e-001 -1.3788000391054123e+002
    -9.8397623734886082e+001 1.0023541006303381e+002
    -2.2952411402545245e-001 -1.5894399291109237e-001
    -1.5327848415794614e+000 -9.6936700679155805e+001
    1.2294017343965577e+002 1.1061470539068411e+002
    1.0368308791103596e-001 -7.5785923572299504e-002
    -1.0210151959467411e+000 -1.5402451021869152e+002
    -6.2065429011764577e+000 1.1100109851433371e+002
    1.8912174436520372e-002 -2.2073612356649470e-002
    -5.2019510537905389e-001 -8.7709511174291251e+001
    -5.0017903107573446e+001 9.8657818337789749e+001
    1.5117015811133089e-001 2.4646286470288273e-002
    -9.5193185626204857e-001 -1.4207027612336319e+002
    -3.5748050241913716e+000 7.9647340083252274e+001</data></extrinsic_parameters>
